3c09002a
00000000
00000000
00000000
00000000
3529002a
00000000
00000000
00000000
00000000
0120500a
00000000
00000000
00000000
00000000
0129580a
00000000
00000000
00000000
00000000
08000c23
00000000
00000000
00000000
00000000
3c0cdead
00000000
00000000
00000000
00000000
358cbeef
00000000
00000000
00000000
00000000
3c0c0123
00000000
00000000
00000000
00000000
358c4567
00000000
00000000
00000000
00000000
0c000c3c
00000000
00000000
00000000
00000000
3c0ddead
00000000
00000000
00000000
00000000
35adbeef
00000000
00000000
00000000
00000000
3c0d0123
00000000
00000000
00000000
00000000
35ad4567
00000000
00000000
00000000
00000000
3c0e0000
00000000
00000000
00000000
00000000
35ce3168
00000000
00000000
00000000
00000000
01c00008
00000000
00000000
00000000
00000000
3c0fdeed
00000000
00000000
00000000
00000000
3c0f002a
00000000
00000000
00000000
00000000
